2 0.280758 2836.9983 911.9999 3011.9983 1044.9999
2 0.310415 3235.0 853.0015 3440.0002 960.00146
2 0.31636 3092.9983 880.99945 3261.9983 994.9993
0 0.391777 1456.999 1001.9997 1592.9993 1213.9996
2 0.409075 2698.0002 929.99927 2836.0002 1012.99927
2 0.471321 2388.0015 950.99963 2607.0015 1075.9996
0 0.554922 1646.9993 988.0013 1777.9993 1384.0001
0 0.632225 1935.0005 976.0005 2082.0005 1387.9993
2 0.639027 3516.9988 812.0015 3697.9988 937.0016
1 0.708189 1075.0018 1419.9994 1639.0021 2107.0007
0 0.715705 1099.998 966.0002 1604.998 1877.0015
0 0.72653 1753.9998 959.999 1903.0 1413.0002
