1 0.274689 2726.9985 834.001 2862.9985 994.0011
0 0.296216 3814.999 711.99896 3900.999 864.99884
0 0.310365 3869.9998 706.0009 3952.9995 872.001
0 0.418578 3954.9983 676.9995 4031.9983 1024.9983
0 0.559838 2747.998 805.00116 2849.9983 985.0012
0 0.714119 1532.0006 622.99994 2124.999 1700.0005
2 0.732388 8.00009 918.0017 369.9999 1468.0009
2 0.737916 1050.9993 853.0009 1613.9995 1210.0022
2 0.786084 674.9991 925.0008 1268.9974 1278.9993
2 0.81295 159.00192 927.9991 817.0001 1369.999
1 0.844151 1370.999 1221.9999 2176.9998 1947.9989
